196.1695862
207.1592407
210.1489716
213.1598816
213.1962433
224.1859283
225.1964264
227.1756744
228.1597595
228.2324982
230.1542664
232.1335602
232.1698761
235.1695251
251.046936
251.1855469
252.1232758
255.1745758
256.2637329
267.1721802
270.1855469
271.2059326
272.2011719
273.2215881
275.2372742
279.1594543
279.2321777
280.1628418
281.2114868
282.2219543
282.2794495
283.1907654
283.2252502
284.295105
285.2215881
287.2372742
289.2165222
291.2321167
293.2478333
294.1550293
301.2165833
303.2322388
305.2478333
306.2641907
307.2271729
308.2434998
308.2798157
309.0889893
309.2276306
309.2427979
310.2227783
311.2583618
313.2376404
319.2271729
321.2428284
324.2301941
326.2542419
327.0085144
328.0118103
329.0055542
330.0088806
330.2642212
331.002533
337.2587585
341.3207092
343.3363342
348.3111877
350.2541199
354.2854004
355.2887573
363.1723633
364.1756592
366.1704712
366.2855225
370.2956848
371.315979
372.319397
385.2952576
388.3425903
389.3460693
390.3582764
391.284729
392.2881165
394.316864
395.3202515
399.2512207
400.2545776
402.321991
403.2332764
403.3059387
404.2364807
404.3092346
419.3161316
420.2304993
420.3324585
421.2336731
421.3358459
422.3389587
427.37854
428.3739929
429.3773193
442.3531189
444.4052124
447.34729
448.350647
456.3089294
457.3122559
460.3637085
461.3670349
462.3700562
484.4362793
536.1654053
537.1651001
538.1618042
610.1846313
611.1848145
612.1812134
613.1814575
614.1798706
684.2033081
685.2036133
686.2002563
687.2001343
758.2220459
759.2224731
760.2192383
761.2189941
832.2409668
833.2411499
834.237793
